1 64 1 0 3189298301
1 64 2 48 3189298673
1 64 3 49 3189298675
1 64 4 49 3189298676
1 64 5 49 3189298678
1 64 6 49 3189298679
1 64 7 49 3189298681
1 64 8 49 3189298682
1 64 9 49 3189298683
1 64 10 49 3189298685
1 64 11 49 3189298686
1 64 12 49 3189298687
1 64 13 49 3189298689
1 64 14 49 3189298690
1 64 15 49 3189298691
1 64 16 49 3189298693
1 64 17 49 3189298694
1 64 18 49 3189298695
1 64 19 49 3189298697
1 64 20 49 3189298698
1 64 21 49 3189298700
1 64 22 49 3189298701
1 64 23 49 3189298702
1 64 24 49 3189298704
1 64 25 49 3189298705
1 64 26 49 3189298706
1 64 27 49 3189298708
1 64 28 49 3189298709
1 64 29 49 3189298710
1 64 30 49 3189298712
1 64 31 49 3189298713
1 64 32 48 3189298714
1 64 33 48 3189298716
1 64 34 48 3189298717
1 64 35 48 3189298718
1 64 36 48 3189298720
1 64 37 48 3189298721
1 64 38 48 3189298722
1 64 39 48 3189298724
1 64 40 48 3189298725
1 64 41 48 3189298727
1 64 42 48 3189298728
1 64 43 48 3189298729
1 64 44 48 3189298731
1 64 45 48 3189298732
1 64 46 48 3189298733
1 64 47 48 3189298735
1 64 48 48 3189298736
1 64 49 48 3189298737
1 64 50 48 3189298739
1 64 51 48 3189298740
1 64 52 50 3189298741
1 64 53 49 3189298743
1 64 54 48 3189298744
1 64 55 47 3189298745
1 64 56 46 3189298747
1 64 57 45 3189298748
1 64 58 44 3189298749
1 64 59 43 3189298751
1 64 60 42 3189298752
1 64 61 41 3189298753
1 64 62 40 3189298754
1 64 63 39 3189298756
1 64 64 38 3189298757
1 64 65 37 3189298758
1 64 66 36 3189298760
1 64 67 35 3189298761
1 64 68 34 3189298762
1 64 69 33 3189298764
1 64 70 32 3189298765
1 64 71 31 3189298766
1 64 72 30 3189298768
1 64 73 29 3189298769
1 64 74 28 3189298770
1 64 75 27 3189298772
1 64 76 26 3189298773
1 64 77 25 3189298774
1 64 78 24 3189298775
1 64 79 23 3189298777
1 64 80 22 3189298778
1 64 81 21 3189298779
1 64 82 20 3189298781
1 64 83 19 3189298782
1 64 84 18 3189298783
1 64 85 17 3189298784
1 64 86 16 3189298786
1 64 87 15 3189298787
1 64 88 14 3189298788
1 64 89 13 3189298790
1 64 90 12 3189298791
1 64 91 11 3189298792
1 64 92 10 3189298793
1 64 93 9 3189298795
1 64 94 8 3189298796
1 64 95 7 3189298797
1 64 96 6 3189298799
1 64 97 5 3189298800
1 64 98 4 3189298801
1 64 99 3 3189298802
1 64 100 2 3189298804
