1 64 1 0 3189452291
1 64 2 47 3189473548
1 64 3 47 3189473550
1 64 4 48 3189473552
1 64 5 49 3189473554
1 64 6 50 3189473556
1 64 7 50 3189473557
1 64 8 50 3189473559
1 64 9 51 3189473561
1 64 10 52 3189473563
1 64 11 53 3189473564
1 64 12 53 3189473566
1 64 13 54 3189473567
1 64 14 54 3189473569
1 64 15 55 3189473571
1 64 16 55 3189473573
1 64 17 56 3189473574
1 64 18 57 3189473576
1 64 19 57 3189473578
1 64 20 57 3189473580
1 64 21 58 3189473581
1 64 22 58 3189473583
1 64 23 58 3189473585
1 64 24 59 3189473587
1 64 25 59 3189473588
1 64 26 60 3189473590
1 64 27 60 3189473592
1 64 28 61 3189473594
1 64 29 61 3189473596
1 64 30 62 3189473598
1 64 31 62 3189473599
1 64 32 63 3189473601
1 64 33 63 3189473603
1 64 34 63 3189473605
1 64 35 63 3189473607
1 64 36 63 3189473608
1 64 37 63 3189473610
1 64 38 63 3189473612
1 64 39 63 3189473614
1 64 40 62 3189473615
1 64 41 61 3189473617
1 64 42 60 3189473619
1 64 43 59 3189473621
1 64 44 58 3189473622
1 64 45 57 3189473624
1 64 46 56 3189473626
1 64 47 55 3189473627
1 64 48 54 3189473629
1 64 49 53 3189473631
1 64 50 52 3189473632
1 64 51 51 3189473634
1 64 52 50 3189473636
1 64 53 49 3189473638
1 64 54 48 3189473639
1 64 55 47 3189473641
1 64 56 46 3189473643
1 64 57 45 3189473644
1 64 58 44 3189473646
1 64 59 43 3189473648
1 64 60 42 3189473650
1 64 61 41 3189473651
1 64 62 40 3189473653
1 64 63 39 3189473655
1 64 64 38 3189473656
1 64 65 37 3189473658
1 64 66 36 3189473660
1 64 67 35 3189473661
1 64 68 34 3189473663
1 64 69 33 3189473665
1 64 70 32 3189473667
1 64 71 31 3189473668
1 64 72 30 3189473670
1 64 73 29 3189473672
1 64 74 28 3189473673
1 64 75 27 3189473675
1 64 76 26 3189473677
1 64 77 25 3189473679
1 64 78 24 3189473680
1 64 79 23 3189473682
1 64 80 22 3189473684
1 64 81 21 3189473686
1 64 82 20 3189473687
1 64 83 19 3189473689
1 64 84 18 3189473691
1 64 85 17 3189473693
1 64 86 16 3189473694
1 64 87 15 3189473696
1 64 88 14 3189473698
1 64 89 13 3189473699
1 64 90 12 3189473701
1 64 91 11 3189473703
1 64 92 10 3189473704
1 64 93 9 3189473706
1 64 94 8 3189473708
1 64 95 7 3189473710
1 64 96 6 3189473711
1 64 97 5 3189473713
1 64 98 4 3189473715
1 64 99 3 3189473716
1 64 100 2 3189473718
